7374137745364602155
7317764806767922475
7311428334695599403
7395058028594122014
7405044080729787678
7323131799310306590
7395290316569382174
7354508802932133166
7295860137162591519
7377701670077205803
7310063052341185823
7392691382218935583
7312875354220285215
7354853011887312160
7335864619187146016
7407322364309949728
7366561209996332320
7375972216707484960
7337977691611696417
7356565580603870497
7372987016914455841
7380389929790033185
7366736772253977889
7339991555408694561
7326597898358066465
7291005324717313313
7351403366368546081
7365063366907333921
7341059462687509803
7353793317437590827
7346960504490937642
7317451980497046826
7302492057975688490
7289539647825382698
7390133152670420266
7320342127790148907
7394618529569344811
7360854136440540459
7330776298576514347
7317028968568343850
7390820226562084139
7278695690522348843
7395305751469772075
7368596585594359083
7347525697591725355
7383627859803393313
7305148019727420718
7286953369133174062
7366304208150121774
7289320054347468078
7324688586807201070
7348220196772990254
7349908267742743854
7374631394108181806
7369821140572998958
7339981163756490030
7283933352267337002
7310136100771613983
7383363724628725024
7360445995945037088
7355061931993992480
7318033407785569569
7374800691677629729
7387743887940390177
7362319887361903905
7328517572679372078
7311858161504423214
7344030729531067680
7299582823940312350
7323395108378840351
7397794935199567135
7353311795374738721
7354696392129924385
7330275353325227297
7349900395843472672
7285324334934035745
7355525427160452385
7375186781999762721
7378515655609355552
7376404436505136416
7323547689201765664
7386720277557742880
7311332422077975840
7371855904813157664
7307346522234998049
7366011789085035809
7368383778034601249
7385499788764040481
7375991768812178720
7373730224879521056
7367380929913900320
7368121296154086688
7362216509206236449
7357063093962214689
7386641138611981601
7375847354341068065
7386716685945900320
7347591598408043808
7344855206242389280
7327164126822763808
7406690692765977887
7378190751211064607
7287998089279917345
7297944147648924961
7387067236218916129
7378610696390528289
7397523950391086369
7353267784886897952
7366140924629470496
7404376866108312865
7393735339996712225
7366286242406829345
7388205937036725537
7273841367351069998
7392127900079721761
7369594137928109345
7360235976494550304
7348462120817790240
7378608951975349536
7371030140370963713
7343605850105318658
7333801200875261185
7394532218032491808
7343754603927850245
7355938811429260550
7203774185322188037
7395252325104766216
7357381570371603717
7360733570232552710
7383460841204534534
7331415226442730757
7343145915886193926
7388973620116180257
7329621030023089440
7349706117166959879
7396382918039457041
7358352976639184146
7397793782122564896
7282317561864260897
7346724921361435937
7226368631268019482
7261278269884992795
7288048371019926814
7340748820130647326
7346235933882076448
7324373228028300577
7352304151897951521
7393839173922327841
7369576124948548897
7385384197864557855
7325205573941710111
7303250453079280927
7343662075299761440
7296461109572275488
7380379588242804001
7302484543691328810
7342750088902511915
7343334803665603883
7357035995667107114
7328941581862473006
7334130841016274222
7357827492289465646
7363144949442825518
7363655590524226862
7322958700291853614
7333721172363922734
7341253553245408558
7379002112652660014
7400109280008867114
7345205332383108394
7346779567639498026
7344108969151008001
7293441357169937666
7368846954471640362
7355249683469454634
7364919962856607018
7297354768928853294
7362157037511396613
7323689375043243269
7358143601869671685
7299554274827046187
7347847920151956779
7306264195475983622
7314163714402340102
7277167570946379014
7376360928851299590
7291696863449763078
7377799778299579690
7357227155979275526
7375105398946139398
7283171808595971370
7394396617882799366
7299771215755906312
7335178711819373867
7365322515998068011
7350964297381498154
7312903813122280746
7371461402030034218
7149700277782760746
7309512164870491435
7380730540061691178
7364542326959574314
7308194891656400170
7410518813021637930
7360919706913525035
7331551109649059115
7362203819721166123
7354415572626509099
7356329953622822187
7362611852360174881
7292568999932529963
7273897683918621994
7397527101143878954
7314367547862781226
7293639077671210286
7357877605581802795
7374908166175280427
7377866805823491371
7283816318883679531
7365274404420406571
7309293532467039531
7330624658686954795
7395616033127648554
7353365116554956074
7293239332167617834
7372265021042101550
