7397794935199567135
7371030140370963713
7349706117166959879
7362203819721166123
7390820226562084139
7374908166175280427
7314367547862781226
7317028968568343850
7380389929790033185
7365274404420406571
7273897683918621994
7297944147648924961
7348462120817790240
7386716685945900320
7261278269884992795
7331551109649059115
7362216509206236449
7303250453079280927
7378608951975349536
7277167570946379014
7287998089279917345
7400109280008867114
7407322364309949728
7366286242406829345
7360919706913525035
7340748820130647326
7328941581862473006
7385384197864557855
7311858161504423214
7380730540061691178